# Created by Octave 3.8.0, Sat Jul 07 18:52:50 2018 EDT <Olga@Olgas-MacBook-Pro-2.local>
# name: circle_test_mat
# type: matrix
# rows: 12
# columns: 400
 0.9999999999999999 0.9999999999999999 0.9999999999999999 0.9999999999999999 0.9999999999999999 0.9906196078431372 0.298721568627451 0.298721568627451 0.2884039215686274 0.2884470588235294 0.3137058823529412 0.2907490196078431 0.2943098039215686 0.3160078431372549 0.9649843137254902 0.9964823529411765 0.9999999999999999 0.9999999999999999 0.9999999999999999 0.9999999999999999 0.9999999999999999 0.9999999999999999 0.9988274509803922 0.9950156862745096 0.2743764705882353 0.299956862745098 0.9734039215686273 0.9991058823529411 0.9999999999999999 0.9999999999999999 0.9999999999999999 0.9999999999999999 0.9976980392156861 0.984913725490196 0.3081411764705882 0.3024705882352941 0.9982117647058822 0.9999999999999999 0.9999999999999999 0.9999999999999999 0.9999999999999999 0.9976980392156861 0.9953960784313726 0.3001294117647059 0.6398431372549019 0.9991058823529411 0.9999999999999999 0.9999999999999999 0.9999999999999999 0.9999999999999999 0.9999999999999999 0.9999999999999999 0.9999999999999999 0.9999999999999999 0.9976980392156861 0.8690078431372548 0.3136392156862745 0.9988274509803922 0.9999999999999999 0.9999999999999999 0.9999999999999999 0.9890039215686274 0.3001294117647059 0.9843137254901959 0.9999999999999999 0.9999999999999999 0.9999999999999999 0.9999999999999999 0.9999999999999999 0.9999999999999999 0.9999999999999999 0.9999999999999999 0.9999999999999999 0.9999999999999999 0.9999999999999999 0.9999999999999999 0.992070588235294 0.3085882352941176 0.9964823529411765 0.9999999999999999 0.9999999999999999 0.2968156862745098 0.5927098039215686 0.9999999999999999 0.9999999999999999 0.9999999999999999 0.9999999999999999 0.9999999999999999 0.9999999999999999 0.9999999999999999 0.9999999999999999 0.9999999999999999 0.9999999999999999 0.9999999999999999 0.9999999999999999 0.9999999999999999 0.9988274509803922 0.9056392156862746 0.3154941176470588 0.9999999999999999 0.9964823529411765 0.3001294117647059 0.9955882352941177 0.9999999999999999 0.9999999999999999 0.9999999999999999 0.9999999999999999 0.9999999999999999 0.9999999999999999 0.9999999999999999 0.9999999999999999 0.9999999999999999 0.9999999999999999 0.9999999999999999 0.9999999999999999 0.9999999999999999 0.9999999999999999 0.992070588235294 0.3128117647058823 0.9929647058823529 0.3053921568627451 0.9954196078431372 0.9999999999999999 0.9999999999999999 0.9999999999999999 0.9999999999999999 0.9999999999999999 0.9999999999999999 0.9999999999999999 0.9999999999999999 0.9999999999999999 0.9999999999999999 0.9999999999999999 0.9999999999999999 0.9999999999999999 0.9999999999999999 0.9999999999999999 0.9999999999999999 0.9859294117647058 0.3081411764705882 0.2966549019607843 0.9959098039215685 0.9999999999999999 0.9999999999999999 0.9999999999999999 0.9999999999999999 0.9999999999999999 0.9999999999999999 0.9999999999999999 0.9999999999999999 0.9999999999999999 0.9999999999999999 0.9999999999999999 0.9999999999999999 0.9999999999999999 0.9999999999999999 0.9999999999999999 0.9999999999999999 0.9999999999999999 0.298635294117647 0.2896196078431372 0.9959098039215685 0.9999999999999999 0.9999999999999999 0.9999999999999999 0.9999999999999999 0.9999999999999999 0.9999999999999999 0.9999999999999999 0.9999999999999999 0.9999999999999999 0.9999999999999999 0.9999999999999999 0.9999999999999999 0.9999999999999999 0.9999999999999999 0.9999999999999999 0.9999999999999999 0.9970392156862745 0.2986980392156863 0.3023882352941176 0.9999999999999999 0.9999999999999999 0.9999999999999999 0.9999999999999999 0.9999999999999999 0.9999999999999999 0.9999999999999999 0.9999999999999999 0.9999999999999999 0.9999999999999999 0.9999999999999999 0.9999999999999999 0.9999999999999999 0.9999999999999999 0.9999999999999999 0.9999999999999999 0.9999999999999999 0.9982117647058822 0.2931098039215686 0.3052627450980392 0.9999999999999999 0.9999999999999999 0.9999999999999999 0.9999999999999999 0.9999999999999999 0.9999999999999999 0.9999999999999999 0.9999999999999999 0.9999999999999999 0.9999999999999999 0.9999999999999999 0.9999999999999999 0.9999999999999999 0.9999999999999999 0.9999999999999999 0.9999999999999999 0.9999999999999999 0.9988274509803922 0.2860156862745098 0.2977411764705882 0.9999999999999999 0.9999999999999999 0.9999999999999999 0.9999999999999999 0.9999999999999999 0.9999999999999999 0.9999999999999999 0.9999999999999999 0.9999999999999999 0.9999999999999999 0.9999999999999999 0.9999999999999999 0.9999999999999999 0.9999999999999999 0.9999999999999999 0.9999999999999999 0.9999999999999999 0.9979333333333333 0.3012588235294117 0.2978274509803921 0.9913450980392157 0.9999999999999999 0.9999999999999999 0.9999999999999999 0.9999999999999999 0.9999999999999999 0.9999999999999999 0.9999999999999999 0.9999999999999999 0.9999999999999999 0.9999999999999999 0.9999999999999999 0.9999999999999999 0.9999999999999999 0.9999999999999999 0.9999999999999999 0.9999999999999999 0.9929647058823529 0.2978274509803921 0.2988274509803922 0.9812039215686275 0.9999999999999999 0.9999999999999999 0.9999999999999999 0.9999999999999999 0.9999999999999999 0.9999999999999999 0.9999999999999999 0.9999999999999999 0.9999999999999999 0.9999999999999999 0.9999999999999999 0.9999999999999999 0.9999999999999999 0.9999999999999999 0.9999999999999999 0.9999999999999999 0.9912627450980392 0.2954823529411765 0.9563490196078431 0.3 0.9999999999999999 0.9999999999999999 0.9999999999999999 0.9999999999999999 0.9999999999999999 0.9999999999999999 0.9999999999999999 0.9999999999999999 0.9999999999999999 0.9999999999999999 0.9999999999999999 0.9999999999999999 0.9999999999999999 0.9999999999999999 0.9999999999999999 0.9988274509803922 0.3146 0.9944156862745097 0.9999999999999999 0.3118509803921569 0.8373607843137255 0.9999999999999999 0.9999999999999999 0.9999999999999999 0.9999999999999999 0.9999999999999999 0.9999999999999999 0.9999999999999999 0.9999999999999999 0.9999999999999999 0.9999999999999999 0.9999999999999999 0.9999999999999999 0.9999999999999999 0.9999999999999999 0.9821647058823528 0.3036039215686274 0.9999999999999999 0.9999999999999999 0.996313725490196 0.2975058823529411 0.9929647058823529 0.9968039215686273 0.9999999999999999 0.9999999999999999 0.9999999999999999 0.9999999999999999 0.9999999999999999 0.9999999999999999 0.9999999999999999 0.9999999999999999 0.9999999999999999 0.9999999999999999 0.9999999999999999 0.9835843137254902 0.2867176470588235 0.9882745098039215 0.9999999999999999 0.9999999999999999 0.9999999999999999 0.9953960784313726 0.2979529411764705 0.9272509803921569 0.9906196078431372 0.9979333333333333 0.9999999999999999 0.9999999999999999 0.9999999999999999 0.9999999999999999 0.9999999999999999 0.9999999999999999 0.9999999999999999 0.9861882352941175 0.9844666666666666 0.2907921568627451 0.9913450980392157 0.9999999999999999 0.9999999999999999 0.9999999999999999 0.9999999999999999 0.9950823529411764 0.9999999999999999 0.2954823529411765 0.2907921568627451 0.9976980392156861 0.9999999999999999 0.9999999999999999 0.9999999999999999 0.9999999999999999 0.9999999999999999 0.9999999999999999 0.9963568627450979 0.3026431372549019 0.298721568627451 0.9953960784313726 0.9897254901960784 0.9999999999999999 0.9999999999999999 0.9999999999999999 0.9999999999999999 0.9999999999999999 0.9946941176470588 0.9955882352941177 0.973313725490196 0.3012588235294117 0.2991686274509804 0.3001294117647059 0.2954823529411765 0.3053490196078431 0.2907921568627451 0.2990823529411764 0.2861019607843137 0.9871019607843137 0.9988274509803922 0.9964823529411765 0.9999999999999999 0.9999999999999999 0.9999999999999999
